5

10


0.30843 0.74907 0.66910 0.52619 0.61796 0.07105 0.16246 0.39898 0.57834 0.19578

13.25530 6.76342 22.86785 14.97223 13.27365 15.19261 17.27234 21.22448 19.85637 0.93261
 1.32876 7.51181 1.00781 13.34117 0.11301 24.33323 18.55862 14.78065 18.35194 16.00987
 17.40859 11.14715 0.07718 22.18725 1.06069 1.94107 23.63700 17.02113 24.08336 19.02182
 0.27528 1.69006 4.87256 18.16527 3.74127 4.52415 12.46014 17.57698 16.24719 16.45475
 15.11814 15.51384 16.12041 10.67837 21.38512 19.73834 17.26438 12.49316 22.49747 15.00080

116.12312 82.05387 109.88891 69.12963 128.29675